3.195713996887207031e+01
3.221456527709960938e+01
3.239401626586914062e+01
3.250785064697265625e+01
3.258664321899414062e+01
3.264637374877929688e+01
3.264984893798828125e+01
3.270392608642578125e+01
3.272515106201171875e+01
3.276380920410156250e+01
3.281495285034179688e+01
3.280094146728515625e+01
3.286303329467773438e+01
3.280675125122070312e+01
3.273318862915039062e+01
3.291979980468750000e+01
3.295512008666992188e+01
3.296728897094726562e+01
3.299592971801757812e+01
3.301502227783203125e+01
3.299756622314453125e+01
3.302988433837890625e+01
3.306208801269531250e+01
3.301279449462890625e+01
3.309807968139648438e+01
3.309140014648437500e+01
3.310853576660156250e+01
3.312028503417968750e+01
3.311180496215820312e+01
3.306800460815429688e+01
3.314490127563476562e+01
3.316594696044921875e+01
3.317180633544921875e+01
3.318167114257812500e+01
3.317370223999023438e+01
3.318051147460937500e+01
3.318790435791015625e+01
3.318863677978515625e+01
3.319505691528320312e+01
3.319060516357421875e+01
3.320120239257812500e+01
3.320738220214843750e+01
3.322429656982421875e+01
3.320070266723632812e+01
3.322422409057617188e+01
3.322604370117187500e+01
3.324489974975585938e+01
3.317007064819335938e+01
3.320448684692382812e+01
3.325559997558593750e+01
3.324065017700195312e+01
3.326275634765625000e+01
3.323765182495117188e+01
3.326669692993164062e+01
3.325286483764648438e+01
3.328462982177734375e+01
3.326925659179687500e+01
3.324710083007812500e+01
3.328318786621093750e+01
3.327280426025390625e+01
3.328980636596679688e+01
3.325237274169921875e+01
3.327502822875976562e+01
3.322675323486328125e+01
3.327808380126953125e+01
3.327579116821289062e+01
3.327466964721679688e+01
3.330605697631835938e+01
3.329480743408203125e+01
3.328816223144531250e+01
3.330835342407226562e+01
3.328681182861328125e+01
3.328056335449218750e+01
3.330330276489257812e+01
3.329784393310546875e+01
3.330177688598632812e+01
3.330665588378906250e+01
3.331230163574218750e+01
3.329132461547851562e+01
3.325764083862304688e+01
3.331083679199218750e+01
3.329256057739257812e+01
3.326881027221679688e+01
3.330582046508789062e+01
3.332057571411132812e+01
3.331778335571289062e+01
3.329444503784179688e+01
3.332315063476562500e+01
3.330026245117187500e+01
3.332559585571289062e+01
3.334343338012695312e+01
3.330110931396484375e+01
3.332980728149414062e+01
3.326905822753906250e+01
3.333776855468750000e+01
3.329833602905273438e+01
3.327466964721679688e+01
3.332914733886718750e+01
3.334294891357421875e+01
3.332615280151367188e+01
3.330924224853515625e+01
3.334641647338867188e+01
3.331147384643554688e+01
3.333634948730468750e+01
3.334457397460937500e+01
3.332612228393554688e+01
3.333762741088867188e+01
3.330768203735351562e+01
3.334553909301757812e+01
3.331278991699218750e+01
3.333725738525390625e+01
3.331684875488281250e+01
3.330282592773437500e+01
3.335522460937500000e+01
3.335568237304687500e+01
3.334199142456054688e+01
3.334948730468750000e+01
3.335911941528320312e+01
3.335150527954101562e+01
3.332913208007812500e+01
3.335147094726562500e+01
3.334376525878906250e+01
3.336695861816406250e+01
3.333911514282226562e+01
3.335086441040039062e+01
3.328178787231445312e+01
3.334106445312500000e+01
3.337187194824218750e+01
3.338068771362304688e+01
3.334366607666015625e+01
3.335532760620117188e+01
3.317006683349609375e+01
3.334606552124023438e+01
3.337595367431640625e+01
3.335758590698242188e+01
3.338084411621093750e+01
3.337897872924804688e+01
3.337283325195312500e+01
3.337625122070312500e+01
3.337387847900390625e+01
3.338390350341796875e+01
3.332153320312500000e+01
3.336575317382812500e+01
3.336925125122070312e+01
3.334675216674804688e+01
3.336888122558593750e+01
3.337274169921875000e+01
3.336451339721679688e+01
3.337936782836914062e+01
3.339216995239257812e+01
3.336567306518554688e+01
3.334416580200195312e+01
3.338536071777343750e+01
3.338112258911132812e+01
3.336171340942382812e+01
3.339796066284179688e+01
3.337303924560546875e+01
3.338384246826171875e+01
3.336884689331054688e+01
3.336801147460937500e+01
3.338880538940429688e+01
3.335704803466796875e+01
3.336650848388671875e+01
3.336566925048828125e+01
3.337736511230468750e+01
3.334066772460937500e+01
3.340237426757812500e+01
3.340740203857421875e+01
3.339249038696289062e+01
3.339598846435546875e+01
3.339069366455078125e+01
3.339859390258789062e+01
3.333627700805664062e+01
3.339434432983398438e+01
3.341090011596679688e+01
3.338295364379882812e+01
3.338544845581054688e+01
3.340880966186523438e+01
3.340140533447265625e+01
3.339311218261718750e+01
3.337252044677734375e+01
3.340455245971679688e+01
3.340746688842773438e+01
3.340428543090820312e+01
3.341282272338867188e+01
3.336423873901367188e+01
3.341929626464843750e+01
3.336702346801757812e+01
3.337622451782226562e+01
3.339345550537109375e+01
3.337862396240234375e+01
3.339293670654296875e+01
3.341187286376953125e+01
3.340659713745117188e+01
3.340851593017578125e+01
3.340982055664062500e+01
3.342850494384765625e+01
3.338497161865234375e+01
3.339906692504882812e+01
3.339905548095703125e+01
3.337276077270507812e+01
3.342093658447265625e+01
3.340470504760742188e+01
3.341245651245117188e+01
3.335067749023437500e+01
3.339561843872070312e+01
3.342007064819335938e+01
3.339812088012695312e+01
3.341738510131835938e+01
3.342245864868164062e+01
3.342481231689453125e+01
3.341003036499023438e+01
3.342037200927734375e+01
3.342060470581054688e+01
3.342177200317382812e+01
3.339691162109375000e+01
3.343603897094726562e+01
3.342139816284179688e+01
3.336565017700195312e+01
3.342939376831054688e+01
3.343360137939453125e+01
3.341378784179687500e+01
3.343472290039062500e+01
3.341193771362304688e+01
3.342708969116210938e+01
3.342336654663085938e+01
3.342047882080078125e+01
3.342282485961914062e+01
3.341177368164062500e+01
3.341378784179687500e+01
3.340818786621093750e+01
3.341804885864257812e+01
3.340888595581054688e+01
3.341829681396484375e+01
3.341671371459960938e+01
3.339130020141601562e+01
3.341411972045898438e+01
3.342859268188476562e+01
3.343595886230468750e+01
3.342169189453125000e+01
3.342205429077148438e+01
3.341994857788085938e+01
3.339708709716796875e+01
3.339070129394531250e+01
3.341467666625976562e+01
3.340503311157226562e+01
3.342686462402343750e+01
3.342568588256835938e+01
3.341352462768554688e+01
3.342855834960937500e+01
3.339548110961914062e+01
3.338748168945312500e+01
3.342670822143554688e+01
3.343306732177734375e+01
3.341232299804687500e+01
3.342644500732421875e+01
3.344483947753906250e+01
3.342029571533203125e+01
3.340623474121093750e+01
3.341415786743164062e+01
3.338392639160156250e+01
3.341899108886718750e+01
3.340319824218750000e+01
3.343761062622070312e+01
3.344088745117187500e+01
3.341096878051757812e+01
3.338348007202148438e+01
3.342333221435546875e+01
3.342417526245117188e+01
3.340758514404296875e+01
3.343268585205078125e+01
3.340623092651367188e+01
3.330211639404296875e+01
3.345213699340820312e+01
3.343604660034179688e+01
3.343598556518554688e+01
3.343712615966796875e+01
3.342140579223632812e+01
3.342130661010742188e+01
3.339741134643554688e+01
3.341679000854492188e+01
3.344144821166992188e+01
3.343390274047851562e+01
3.343010330200195312e+01
3.343343734741210938e+01
3.340488815307617188e+01
3.341918182373046875e+01
3.343022537231445312e+01
3.340312957763671875e+01
3.340558242797851562e+01
3.342713928222656250e+01
3.342593002319335938e+01
3.341925430297851562e+01
3.342914581298828125e+01
3.338380050659179688e+01
3.342479324340820312e+01
3.342979431152343750e+01
3.343694305419921875e+01
3.340569305419921875e+01
3.341035842895507812e+01
3.342329025268554688e+01
3.344591140747070312e+01
3.342205047607421875e+01
3.340473556518554688e+01
3.343362808227539062e+01
3.340961837768554688e+01
3.340739440917968750e+01
3.344936370849609375e+01
3.342958831787109375e+01
3.343767547607421875e+01
3.340904617309570312e+01
3.346297073364257812e+01
3.340944671630859375e+01
3.344168853759765625e+01
3.339500427246093750e+01
3.345721435546875000e+01
3.339573287963867188e+01
3.343967437744140625e+01
3.342980194091796875e+01
3.342281341552734375e+01
3.342601776123046875e+01
3.341557693481445312e+01
3.342885589599609375e+01
3.344537353515625000e+01
3.341921615600585938e+01
3.344326019287109375e+01
3.343885040283203125e+01
3.343148803710937500e+01
3.341136169433593750e+01
3.343572616577148438e+01
3.344777679443359375e+01
3.344355010986328125e+01
3.346061706542968750e+01
3.342725753784179688e+01
3.344116592407226562e+01
3.339646148681640625e+01
3.342005920410156250e+01
3.341551208496093750e+01
3.342425537109375000e+01
3.341578292846679688e+01
3.342990493774414062e+01
3.344861984252929688e+01
3.344256210327148438e+01
3.343933868408203125e+01
3.344387817382812500e+01
3.343537521362304688e+01
3.340729904174804688e+01
3.344078445434570312e+01
3.344149780273437500e+01
3.342173004150390625e+01
3.345111083984375000e+01
3.339618682861328125e+01
3.343744659423828125e+01
3.344150161743164062e+01
3.340847015380859375e+01
3.344699096679687500e+01
3.344910812377929688e+01
3.346230316162109375e+01
3.344387054443359375e+01
3.345059585571289062e+01
3.344173812866210938e+01
3.346630859375000000e+01
3.344796752929687500e+01
3.343480682373046875e+01
3.345414733886718750e+01
3.344218826293945312e+01
3.344732284545898438e+01
3.344213104248046875e+01
3.342786407470703125e+01
3.341329193115234375e+01
3.344380950927734375e+01
3.343922424316406250e+01
3.343455123901367188e+01
3.340897750854492188e+01
3.343059921264648438e+01
3.343482208251953125e+01
3.341672134399414062e+01
3.344866180419921875e+01
3.343822860717773438e+01
3.343813323974609375e+01
3.342833328247070312e+01
3.345281600952148438e+01
3.342099380493164062e+01
3.343987274169921875e+01
3.345692062377929688e+01
3.343779754638671875e+01
3.344829559326171875e+01
3.343587112426757812e+01
3.346386718750000000e+01
3.343450546264648438e+01
3.346251678466796875e+01
3.345915985107421875e+01
3.345716476440429688e+01
3.344461822509765625e+01
3.344830703735351562e+01
3.342424392700195312e+01
3.343075180053710938e+01
3.340392303466796875e+01
3.345873641967773438e+01
3.343710708618164062e+01
